After simulation:
1
Position(0.012842841,0.3244133,-0.4339286)
Velocity(1.2101242E-07,-1.5288478E-08,-5.8001916E-08,5.2138157)
2
Position(0.18194935,0.043696698,-1.0164528)
Velocity(-2.9325568E-07,3.9400638E-07,-5.495608E-07,4.3675284)
3
Position(0.44578192,0.19715978,-0.20718637)
Velocity(-1.6142604E-07,4.431014E-08,-2.1951975E-07,0.16356859)
4
Position(0.46806777,0.10022899,-0.6081211)
Velocity(-5.3745715E-08,9.1958526E-08,-7.528009E-08,9.282216)
5
Position(0.31865075,0.2703721,-0.26175487)
Velocity(4.4939014E-08,2.915438E-08,-8.601183E-08,7.6641903)
6
Position(0.44654593,0.14538361,-0.23845166)
Velocity(-8.335129E-08,1.8587366E-07,-1.451737E-07,0.40165272)
7
Position(0.08434945,0.47336212,-0.88030434)
Velocity(1.04863226E-07,-1.6522358E-07,1.14613144E-07,3.8204267)
8
Position(0.55885315,0.16951366,-0.40588513)
Velocity(-1.4822564E-07,1.25283615E-08,-1.1438194E-07,5.348214)
9
Position(0.20513819,0.266108,-1.2558373)
Velocity(1.0894182E-07,-6.757073E-08,2.5914852E-07,0.6952058)
10
Position(0.36380944,0.26057404,-1.1179011)
Velocity(-5.8602662E-08,-4.9903328E-08,1.5089877E-07,8.854235)
11
Position(0.39049652,0.3810542,-0.2774166)
Velocity(-1.7474783E-07,-2.9043238E-07,-2.8966843E-08,0.8939436)
12
Position(0.41744635,0.4751204,-1.1240767)
Velocity(-2.3399897E-08,-2.092257E-07,4.530925E-08,1.667876)
13
Position(0.1383599,0.07131555,-1.0868189)
Velocity(2.981451E-07,-8.3967615E-09,4.0396077E-07,9.086706)
14
Position(0.10457535,0.24395944,-0.7763467)
Velocity(1.3164347E-07,1.2457304E-08,-4.4649813E-08,7.4533467)
15
Position(0.6126262,0.2667474,-0.9705475)
Velocity(-2.2918833E-07,-5.8862206E-08,6.48014E-08,1.0122015)
16
Position(0.4410074,0.14818403,-0.844286)
Velocity(-9.524197E-08,3.304392E-08,4.638956E-08,9.799192)
17
Position(0.4808378,0.14951214,-0.12149994)
Velocity(-8.591484E-08,8.461447E-08,-1.78058E-07,0.5670955)
18
Position(0.10928691,0.46292782,-0.74572307)
Velocity(4.3840316E-08,-1.8398228E-07,-1.3763912E-07,2.1472282)
19
Position(0.51136166,0.4497772,-1.2307194)
Velocity(-1.2346416E-07,-9.865753E-08,1.5872946E-07,2.3311493)
20
Position(0.24908221,0.4858486,-0.050450634)
Velocity(2.554108E-08,-6.6888646E-08,-1.0741082E-07,6.368434)
