Before simulation:
1
Position(0.01284215,0.32441333,-0.4339283)
Velocity(5.6314766E-09,9.573066E-09,8.455314E-09,5.2138157)
2
Position(0.18195099,0.0436945,-1.0164498)
Velocity(6.5814336E-09,6.761045E-09,1.1788314E-09,4.3675284)
3
Position(0.44578278,0.19715953,-0.20718518)
Velocity(3.861712E-09,2.0796205E-09,7.0552866E-09,0.16356859)
4
Position(0.46806803,0.10022849,-0.60812074)
Velocity(8.1741245E-09,2.255998E-10,5.9463756E-10,9.282216)
5
Position(0.31865045,0.27037185,-0.26175442)
Velocity(8.516518E-09,9.197649E-09,9.466095E-09,7.6641903)
6
Position(0.44654635,0.14538255,-0.23845084)
Velocity(8.937944E-09,8.027312E-09,3.4438765E-09,0.40165272)
7
Position(0.08434886,0.47336298,-0.880305)
Velocity(5.7691443E-09,8.9877705E-09,7.2445534E-09,3.8204267)
8
Position(0.55885386,0.16951351,-0.40588453)
Velocity(5.9242034E-09,8.220862E-09,8.94557E-09,5.348214)
9
Position(0.20513758,0.26610836,-1.2558388)
Velocity(1.5374315E-09,6.159697E-09,4.0406127E-09,0.6952058)
10
Position(0.36380973,0.26057428,-1.1179019)
Velocity(5.3672267E-09,2.2062938E-09,6.1073546E-09,8.854235)
11
Position(0.39049745,0.38105583,-0.27741644)
Velocity(7.974466E-09,7.1910096E-09,1.0213307E-09,0.8939436)
12
Position(0.41744646,0.4751215,-1.1240767)
Velocity(2.411046E-09,7.1385355E-09,9.834844E-09,1.667876)
13
Position(0.13835827,0.07131556,-1.0868211)
Velocity(4.818699E-09,7.608716E-09,1.9514612E-09,9.086706)
14
Position(0.10457459,0.24395937,-0.77634645)
Velocity(7.930858E-09,9.601502E-10,4.3677906E-09,7.4533467)
15
Position(0.61262745,0.26674768,-0.97054785)
Velocity(2.2523854E-10,5.9657954E-09,5.2151045E-10,1.0122015)
16
Position(0.44100788,0.14818384,-0.84428626)
Velocity(7.9240685E-09,1.2567222E-09,2.6677784E-09,9.799192)
17
Position(0.48083824,0.14951162,-0.121498995)
Velocity(2.8920695E-09,6.8557546E-09,7.084486E-09,0.5670955)
18
Position(0.10928665,0.46292883,-0.74572235)
Velocity(3.4430097E-09,3.3050573E-10,3.4136631E-09,2.1472282)
19
Position(0.5113623,0.4497777,-1.2307203)
Velocity(2.5688625E-09,6.0706107E-09,5.7728644E-09,2.3311493)
20
Position(0.24908203,0.48584896,-0.050450046)
Velocity(5.9436913E-09,4.1942334E-09,5.3486937E-10,6.368434)
